# mobiles:
 connect edge:
 1, 0, 1, 2, 1, 1, 2, 1, 0, 0, 2, 0, 2, 2, 2, 0, 1, 0, 2, 0, 0, 2, 0, 1, 0

 disatance:
 49.45538682564865, 38.60720233118384, 48.97714309889, 41.11401772999486, 44.454511267741395, 32.828633477451916, 30.910092164739698, 49.48659851220685, 37.803863055490915, 46.003556494114974, 21.150003023943253, 27.50733488803465, 30.571680013788207, 47.50910565058216, 27.45758204873816, 49.344033543216796, 47.06026324928128, 26.620657210175597, 30.903285205582343, 35.84841024154353, 27.714225075059808, 48.97556886098057, 44.39138825729337, 41.69090040089126, 41.83782625717777

 place model:
 2, 0, 4, 3, 6, 3, 1, 3, 2, 6, 0, 3, 0, 4, 0, 6, 0, 4, 6, 2, 0, 2, 4, 2, 4

 inference_time_local:
 [[4.345708990097046, 2.752386140823364, 3.9813384771347047, 3.993636071681976, 3.056140387058258, 3.262002551555633, 3.3621537923812865], [4.345708990097046, 2.752386140823364, 3.9813384771347047, 3.993636071681976, 3.056140387058258, 3.262002551555633, 3.3621537923812865],
 [4.345708990097046, 2.752386140823364, 3.9813384771347047, 3.993636071681976, 3.056140387058258, 3.262002551555633, 3.3621537923812865],
 [4.345708990097046, 2.752386140823364, 3.9813384771347047, 3.993636071681976, 3.056140387058258, 3.262002551555633, 3.3621537923812865], [4.345708990097046, 2.752386140823364, 3.9813384771347047, 3.993636071681976, 3.056140387058258, 3.262002551555633, 3.3621537923812865], [4.345708990097046, 2.752386140823364, 3.9813384771347047, 3.993636071681976, 3.056140387058258, 3.262002551555633, 3.3621537923812865], [4.345708990097046, 2.752386140823364, 3.9813384771347047, 3.993636071681976, 3.056140387058258, 3.262002551555633, 3.3621537923812865], [4.345708990097046, 2.752386140823364, 3.9813384771347047, 3.993636071681976, 3.056140387058258, 3.262002551555633, 3.3621537923812865], [4.345708990097046, 2.752386140823364, 3.9813384771347047, 3.993636071681976, 3.056140387058258, 3.262002551555633, 3.3621537923812865], [4.345708990097046, 2.752386140823364, 3.9813384771347047, 3.993636071681976, 3.056140387058258, 3.262002551555633, 3.3621537923812865], [4.345708990097046, 2.752386140823364, 3.9813384771347047, 3.993636071681976, 3.056140387058258, 3.262002551555633, 3.3621537923812865], [4.345708990097046, 2.752386140823364, 3.9813384771347047, 3.993636071681976, 3.056140387058258, 3.262002551555633, 3.3621537923812865], [4.345708990097046, 2.752386140823364, 3.9813384771347047, 3.993636071681976, 3.056140387058258, 3.262002551555633, 3.3621537923812865], [4.345708990097046, 2.752386140823364, 3.9813384771347047, 3.993636071681976, 3.056140387058258, 3.262002551555633, 3.3621537923812865], [4.345708990097046, 2.752386140823364, 3.9813384771347047, 3.993636071681976, 3.056140387058258, 3.262002551555633, 3.3621537923812865], [4.345708990097046, 2.752386140823364, 3.9813384771347047, 3.993636071681976, 3.056140387058258, 3.262002551555633, 3.3621537923812865], [4.345708990097046, 2.752386140823364, 3.9813384771347047, 3.993636071681976, 3.056140387058258, 3.262002551555633, 3.3621537923812865], [4.345708990097046, 2.752386140823364, 3.9813384771347047, 3.993636071681976, 3.056140387058258, 3.262002551555633, 3.3621537923812865], [4.345708990097046, 2.752386140823364, 3.9813384771347047, 3.993636071681976, 3.056140387058258, 3.262002551555633, 3.3621537923812865], [4.345708990097046, 2.752386140823364, 3.9813384771347047, 3.993636071681976, 3.056140387058258, 3.262002551555633, 3.3621537923812865]]


# edges：
 average_latency:
 [[0.0743731350074138, 0.07785188652613169, 0.07805919294296745, 0.07194039522086819, 0.08866337567360641, 0.0609612015706916, 0.09363296670035469],
 [0.05365032619664684, 0.09511989987715104, 0.08119056894324891, 0.06393713926671032, 0.07733711447521614, 0.0653169399006934, 0.08122550417858386],
 [0.09055219368720571, 0.06560563201655897, 0.06723431834038358, 0.06814264386743375, 0.0954051010987489, 0.05385750495887948, 0.0691596209804715]]

 bandwidth:
 15000000.0, 15000000.0, 15000000.0

 computing capacity:
 28.722274738821554, 37.526971869216325, 49.03785919482406

 extra_latency:
 [[0.321015043399195, 0.49111593924565516, 0.4784863216427029, 0.4955548333295882, 0.44260459692063736, 0.41398613351129676, 0.4252035472661809],
 [0.35575573899711677, 0.49848668382172195, 0.4137582258991612, 0.4601974396207579, 0.4635563006910311, 0.3728782284137903, 0.3459537403186411],
 [0.43739034639020813, 0.3441058051254839, 0.4735060113512005, 0.30286732565344593, 0.38171883208907226, 0.3246331573261647, 0.49971826823206594]]

 inference_time_edge:
 [[0.5200192093849182, 0.4531603932380676, 0.5038563728332519, 0.3841231107711792, 0.3516596317291259, 0.3453783988952636, 0.3441032886505127],
 [0.8005391955375671, 0.6116957068443298, 0.6301509618759156, 0.6640055537223816, 0.5856670022010804, 0.6037039637565613, 0.6113351345062256],
 [0.5200192093849182, 0.4531603932380676, 0.5038563728332519, 0.3841231107711792, 0.3516596317291259, 0.3453783988952636, 0.3441032886505127]]

 loading_time:
 [[0.2705937623977661, 0.3410001993179321, 0.6764320039749145, 1.015671625137329, 0.4037298583984375, 0.4089188194274902, 0.4378145790100097],
 [0.595761456489563, 0.7009875106811524, 3.303107500076294, 2.355398964881897, 7.261156735420227, 7.250781755447388, 7.516464762687683],
 [0.2705937623977661, 0.3410001993179321, 0.6764320039749145, 1.015671625137329, 0.4037298583984375, 0.4089188194274902, 0.4378145790100097]]

 storage_capacity:
 1012.842801476648, 1162.8743563594176, 1084.7168907879866

 edge_idx:
 1, 0, 1